000000000
000000000
000000000
000000000
000000000
000000000
000000000
000000000
000000000
000000000
000000000
000000000
000000000
000000000
000000000
000000000
000000000
000000000
000000000
000000000
000000000
000000000
000000000
000000000
000000000
000000000
000000000
000000000
000000000
000000000
000000000
000000000
000000001
000000000
000000000
000001000
000000000
000000000
000001000
000000000
000000000
001000000
000000000
000000000
000000000
000000000
000000000
000000000
000000000
000000000
000000001
000000000
000000001
000001011
000000000
000000000
000000001
000000001
000000011
000001111
000001000
000011001
001111011
000001000
000011001
001111011
001000000
011001000
111011001
000000000
001000001
011001011
000000000
001000001
011001011
000000001
000001011
001011111
000001011
001011111
011111111
000000001
000000011
000000111
000001111
000011111
000111111
001111011
011111111
111111111
001111011
011111111
111111111
111011001
111111011
111111111
011001011
111011111
111111111
011001011
111011111
111111111
001011111
011111111
111111111
011111111
111111111
111111111
000000111
000001111
000011111
000111111
001111111
011111111
111111111
111111111
111111111
111111111
111111111
111111111
111111111
111111111
111111111
111111111
111111111
111111111
111111111
111111111
111111111
111111111
111111111
111111110
111111111
111111110
111110100
000011111
001111111
011111111
011111111
111111111
111111111
111111111
111111111
111111111
111111111
111111111
111111111
111111111
111111111
111111110
111111111
111111110
111110100
111111111
111111110
111110100
111111110
111110100
110100000
111110100
110100000
100000000
000000000
000000000
000000000
000000000
000000000
000000000
000000000
000000000
000000000
000000000
000000000
000000000
000000000
000000000
000000000
000000000
000000000
000000000
000000000
000000000
000000000
000000000
000000000
000000001
000000000
000000000
000001001
000000000
000000000
000001000
000000000
000000000
001000000
000000000
000000000
000000000
000000000
000000000
000000000
000000000
000000000
000000001
000000000
000000001
000001011
000000000
000000001
000001011
000000001
000001011
001011111
000001001
001011011
011111111
000001000
000011001
001111011
001000000
011001000
111011001
000000000
001000001
011001011
000000000
001000001
011001011
000000001
000001011
001011111
000001011
001011111
011111111
000001011
001011111
011111111
001011111
011111111
111111111
011111111
111111111
111111111
001111011
011111111
111111111
111011001
111111011
111111111
011001011
111011111
111111111
011001011
111011111
111111111
001011111
011111111
111111111
011111111
111111111
111111111
011111111
111111111
111111111
111111111
111111111
111111110
111111111
111111110
111110100
111111111
111111111
111111111
111111111
111111111
111111111
111111111
111111111
111111111
111111111
111111111
111111111
111111111
111111111
111111110
111111111
111111110
111110100
111111111
111111110
111110100
111111110
111110100
110100000
111110100
110100000
100000000
111111111
111111111
111111111
111111111
111111111
111111110
111111111
111111110
111110100
111111111
111111110
111110100
111111110
111110100
110100000
111110100
110100000
100000000
111110100
110100000
100000000
110100000
100000000
000000000
100000000
000000000
000000001
000000000
000000000
000000000
000000000
000000000
000000000
000000000
000000000
000000000
000000000
000000000
000000000
000000000
000000000
000000001
000000000
000000000
000001001
000000000
000000000
000001001
000000000
000000001
001001011
000000000
000001001
001011011
000000000
000000000
000000000
000000000
000000000
000000001
000000000
000000001
000001011
000000000
000000001
000001011
000000001
000001011
001011111
000001001
001011011
011111111
000001001
001011011
011111111
001001011
011011111
111111111
001011011
011111111
111111111
000000000
001000001
011001011
000000001
000001011
001011111
000001011
001011111
011111111
000001011
001011111
011111111
001011111
011111111
111111111
011111111
111111111
111111111
011111111
111111111
111111111
111111111
111111111
111111111
111111111
111111111
111111110
011001011
111011111
111111111
001011111
011111111
111111111
011111111
111111111
111111111
011111111
111111111
111111111
111111111
111111111
111111110
111111111
111111110
111110100
111111111
111111110
111110100
111111111
111110110
110100100
111111110
110110101
100100011
111111111
111111111
111111111
111111111
111111111
111111110
111111111
111111110
111110100
111111111
111111110
111110100
111111110
111110100
110100000
111110100
110100000
100000000
111110100
110100000
100000000
110100100
100000000
000000001
100100011
000000111
000001111
111111111
111111110
111110100
111111110
111110100
110100000
111110100
110100000
100000000
111110100
110100000
100000000
110100000
100000000
000000000
100000000
000000000
000000001
100000000
000000000
000000001
000000001
000000011
000001111
000001111
000011111
001111111
000000000
000000000
000000000
000000000
000000000
000000001
000000000
000000000
000001001
000000000
000000000
000001001
000000000
000000001
001001011
000000000
000001001
001011011
000000000
000001001
001011011
000000000
001001001
011011011
000000000
001001001
011011011
000000000
000000001
000001011
000000001
000001011
001011111
000001001
001011011
011111111
000001001
001011011
011111111
001001011
011011111
111111111
001011011
011111111
111111111
001011011
011111111
111111111
011011011
111111111
111111111
011011011
111111111
111111111
000001011
001011111
011111111
001011111
011111111
111111111
011111111
111111111
111111111
011111111
111111111
111111111
111111111
111111111
111111111
111111111
111111111
111111110
111111111
111111111
111111110
111111111
111111110
111110101
111111111
111110111
110101111
011111111
111111111
111111111
111111111
111111111
111111110
111111111
111111110
111110100
111111111
111111110
111110100
111111111
111110110
110100100
111111110
110110101
100100011
111111110
110110101
100100011
111110101
110101011
100011111
110101111
101011111
011111111
111111111
111111110
111110100
111111110
111110100
110100000
111110100
110100000
100000000
111110100
110100000
100000000
110100100
100000000
000000001
100100011
000000111
000001111
100100011
000000111
000001111
100011111
000111111
001111111
011111111
111111111
111111111
111110100
110100000
100000000
110100000
100000000
000000000
100000000
000000000
000000001
100000000
000000000
000000001
000000001
000000011
000001111
000001111
000011111
001111111
000001111
000011111
001111111
001111111
011111111
111111111
111111111
111111111
111111110
