000000000
000000000
000000000
000000000
000000000
000000000
000000000
000000000
000000000
000000000
000000000
000000000
000000000
000000000
000000000
000000000
000000000
000000000
000000000
000000000
000000000
000000000
000000000
000000001
000000000
000000000
000001001
000000000
000000000
000000000
000000000
000000001
000000011
000000000
000001000
000011001
000000000
001000000
011001000
000000000
000000000
001000001
000000000
000000001
000001011
000000001
000001011
001011111
000001011
001011111
011111111
001011011
011111111
111111111
000000001
000000011
000000111
000001111
000011111
000111111
001111011
011111111
111111111
111011001
111111011
111111111
011001011
111011111
111111111
001011111
011111111
111111111
011111111
111111111
111111111
111111111
111111111
111111110
111111111
111111110
111110100
000001111
000011111
001111111
001111111
011111111
111111111
111111111
111111111
111111111
111111111
111111111
111111111
111111111
111111111
111111110
111111111
111111110
111110100
111111110
111110100
110100000
111110100
110100000
100000000
110100000
100000000
000000000
011111111
111111111
111111111
111111111
111111111
111111110
111111111
111111110
111110100
111111110
111110100
110100000
111110100
110100000
100000000
110100000
100000000
000000000
100000000
000000000
000000000
000000000
000000000
000000000
000000001
000000011
000000111
111111110
111110100
110100000
111110100
110100000
100000000
110100000
100000000
000000000
100000000
000000000
000000000
000000000
000000000
000000000
000000000
000000000
000000000
000000000
000000000
000000000
000000000
000000000
000000000
000000111
000000111
000000111
000000000
000000000
000000000
000000000
000000000
000000000
000000000
000000000
000000000
000000000
000000000
000000000
000000000
000000000
000000001
000000000
000000000
000001001
000000000
000000001
001001011
000000000
000001001
001011011
000000000
001001001
011011011
000000000
001000000
011001000
000000000
000000000
001000001
000000000
000000001
000001011
000000001
000001011
001011111
000001011
001011111
011111111
001011011
011111111
111111111
011011111
111111111
111111111
011111111
111111111
111111111
111111111
111111111
111111110
111011001
111111011
111111111
011001011
111011111
111111111
001011111
011111111
111111111
011111111
111111111
111111111
111111111
111111111
111111110
111111111
111111110
111110100
111111111
111110110
110100100
111111110
110110101
100100011
111110101
110101011
100011111
111111111
111111111
111111111
111111111
111111111
111111110
111111111
111111110
111110100
111111110
111110100
110100000
111110100
110100000
100000000
110100000
100000000
000000000
100000000
000000001
000000011
000000111
000001111
000011111
000111111
001111111
011111111
111111110
111110100
110100000
111110100
110100000
100000000
110100000
100000000
000000000
100000000
000000000
000000000
000000000
000000000
000000000
000000001
000000011
000000111
000001111
000011111
000111111
001111111
011111111
111111111
111111111
111111111
111111111
100000000
000000000
000000000
000000000
000000000
000000000
000000000
000000000
000000000
000000000
000000000
000000000
000000000
000000000
000000000
000000111
000000111
000000111
000111111
000111111
000111111
111111111
111111111
111111111
111111111
111111111
111111111
000000000
000000000
000000000
000000000
000000000
000000001
000000000
000000000
000001001
000000000
000000001
001001011
000000000
000001001
001011011
000000000
001001001
011011011
000000000
001001001
011011011
000000000
001001001
011011011
000000000
001001001
011011011
000000001
000001011
001011111
000001011
001011111
011111111
001011011
011111111
111111111
011011111
111111111
111111111
011111111
111111111
111111111
111111111
111111111
111111110
111111111
111111111
111110111
111111111
111111111
110111111
111111111
111111111
111111111
011111111
111111111
111111111
111111111
111111111
111111110
111111111
111111110
111110100
111111111
111110110
110100100
111111110
110110101
100100011
111110101
110101011
100011111
110101111
101011111
011111111
101111111
011111111
111111111
111111111
111111111
111111111
111111110
111110100
110100000
111110100
110100000
100000000
110100000
100000000
000000000
100000000
000000001
000000011
000000111
000001111
000011111
000111111
001111111
011111111
111111111
111111111
111111111
111111111
111111111
111111111
111111111
111111111
111111111
100000000
000000000
000000000
000000000
000000000
000000000
000000001
000000011
000000111
000001111
000011111
000111111
001111111
011111111
111111111
111111111
111111111
111111111
111111110
111111101
111111011
111110111
111101111
111011111
110111111
101111111
011111111
000000000
000000000
000000000
000000000
000000000
000000000
000000111
000000111
000000111
000111111
000111111
000111111
111111111
111111111
111111111
111111111
111111111
111111111
111111111
111111111
111111111
111111111
111111111
111111111
111111111
111111111
111111110
000000000
000000001
001001011
000000000
000001001
001011011
000000000
001001001
011011011
000000000
001001001
011011011
000000000
001001001
011011011
000000000
001001001
011011011
000000000
001001000
011011001
000000000
001000000
011001000
000000000
000000000
001000000
011011111
111111111
111111111
011111111
111111111
111111111
111111111
111111111
111111110
111111111
111111111
111110111
111111111
111111111
110111111
111111111
111111111
111111111
111111011
111111111
111111111
111011001
111111011
111111111
011001000
111011000
111111000
111111111
111110110
110100100
111111110
110110101
100100011
111110101
110101011
100011111
110101111
101011111
011111111
101111111
011111111
111111111
111111111
111111111
111111111
111111111
111111111
111111111
111111111
111111111
111111111
111111000
111111000
111111000
100000000
000000001
000000011
000000111
000001111
000011111
000111111
001111111
011111111
111111111
111111111
111111111
111111111
111111111
111111111
111111111
111111111
111111111
111111111
111111111
111111111
111111111
111111111
111111111
111111000
111111000
111111000
000001111
000011111
000111111
001111111
011111111
111111111
111111111
111111111
111111111
111111110
111111101
111111011
111110111
111101111
111011111
110111111
101111111
011111111
111111111
111111111
111111111
111111111
111111111
111111110
111111000
111111000
111110000
000111111
000111111
000111111
111111111
111111111
111111111
111111111
111111111
111111111
111111111
111111111
111111111
111111111
111111111
111111111
111111111
111111111
111111110
111111111
111111110
111110100
111111100
111110000
110100000
111100000
110000000
100000000
