000000000
000000000
000000000
000000000
000000000
000000000
000000000
000000001
000000011
000000000
000000001
000000011
000000000
000001001
000011011
000000000
001001001
011011011
000000000
001001001
011011011
000000000
001001000
011011001
000000000
001000000
011001000
000000000
000000000
000000000
000000000
000000001
000000011
000000011
000001111
000011111
000000011
000001111
000011111
000011011
001111111
011111111
011011011
111111111
111111111
011011011
111111111
111111111
011011001
111111011
111111110
011001000
111011000
111110000
000000000
000000001
000001011
000000011
000001111
001011111
000011111
001111111
011111111
000011111
001111111
011111111
011111111
111111111
111111111
111111111
111111111
111111110
111111111
111111111
111111110
111111110
111111100
111110000
111110000
111100000
110000000
000001011
000011111
000111111
001011111
011111111
111111111
011111111
111111111
111111111
011111111
111111111
111111111
111111111
111111111
111111110
111111110
111111100
111110000
111111110
111111100
111110000
111110000
111100000
110000000
110000000
100000000
000000000
000111111
000111111
000111111
111111111
111111111
111111111
111111111
111111111
111111111
111111111
111111111
111111111
111111110
111111100
111111000
111110000
111100000
111000000
111110000
111100000
111000000
110000000
100000000
000000000
000000000
000000000
000000000
000111111
000111111
000111111
111111111
111111111
111111111
111111111
111111111
111111111
111111111
111111111
111111111
111111000
111111001
111111011
111000000
111001000
111011001
111000000
111001000
111011001
000000000
001000001
011001011
000000000
000001001
001011011
000000000
000000001
000000011
000000000
000001001
000011011
000000000
001001001
011011011
000000000
001001001
011011011
000000000
001001000
011011001
000000000
001000000
011001000
000000000
001000000
011001000
000000000
000000000
001000000
000000000
000000000
000000000
000000011
000001111
000011111
000011011
001111111
011111111
011011011
111111111
111111111
011011011
111111111
111111111
011011001
111111011
111111110
011001000
111011000
111110000
011001000
111011000
111110000
001000000
011000000
110000000
000000000
000000000
000000000
000011111
001111111
011111111
011111111
111111111
111111111
111111111
111111111
111111110
111111111
111111111
111111110
111111110
111111100
111110000
111110000
111100000
110000000
111110000
111100000
110000000
110000000
100000000
000000000
000000000
000000000
000000000
011111111
111111111
111111111
111111111
111111111
111111110
111111110
111111100
111110000
111111110
111111100
111110000
111110000
111100000
110000000
110000000
100000000
000000000
110000000
100000000
000000000
000000000
000000000
000000000
000000000
000000000
000000000
111111111
111111111
111111111
111111110
111111100
111111000
111110000
111100000
111000000
111110000
111100000
111000000
110000000
100000000
000000000
000000000
000000000
000000000
000000000
000000000
000000000
000000000
000000000
000000000
000000000
000000000
000000001
111111111
111111111
111111111
111111000
111111001
111111011
111000000
111001000
111011001
111000000
111001000
111011001
000000000
001000001
011001011
000000000
000001001
001011011
000000000
000001001
001011011
000000000
001001001
011011011
000000001
001001011
011011111
000000000
001001001
011011011
000000000
001001000
011011001
000000000
001000000
011001000
000000000
001000000
011001000
000000000
000000000
001000000
000000000
000000000
000000000
000000000
000000000
000000000
000000000
000000000
000000000
000000000
000000000
000000000
011011011
111111111
111111111
011011001
111111011
111111110
011001000
111011000
111110000
011001000
111011000
111110000
001000000
011000000
110000000
000000000
000000000
000000000
000000000
000000000
000000000
000000000
000000000
000000000
000000000
000000000
000000000
111111111
111111111
111111110
111111110
111111100
111110000
111110000
111100000
110000000
111110000
111100000
110000000
110000000
100000000
000000000
000000000
000000000
000000000
000000000
000000000
000000000
000000000
000000000
000000000
000000000
000000000
000000000
111111110
111111100
111110000
111110000
111100000
110000000
110000000
100000000
000000000
110000000
100000000
000000000
000000000
000000000
000000000
000000000
000000000
000000000
000000000
000000000
000000000
000000000
000000000
000000000
000000000
000000000
000000001
111110000
111100000
111000000
110000000
100000000
000000000
000000000
000000000
000000000
000000000
000000000
000000000
000000000
000000000
000000000
000000000
000000000
000000001
000000000
000000000
000000001
000000000
000000001
000001011
000000001
000001011
001011111
111000000
111001000
111011001
000000000
001000001
011001011
000000000
000001001
001011011
000000000
000001001
001011011
000000000
001001001
011011011
000000001
001001011
011011111
000000001
001001011
011011111
000001011
001011111
011111111
001011111
011111111
111111111
000000000
001000000
011001000
000000000
000000000
001000000
000000000
000000000
000000000
000000000
000000000
000000000
000000000
000000000
000000000
000000000
000000000
000000000
000000000
000000000
000000000
000000000
000000000
000000000
000000000
000000000
000000000
011001000
111011000
111110000
001000000
011000000
110000000
000000000
000000000
000000000
000000000
000000000
000000000
000000000
000000000
000000000
000000000
000000000
000000000
000000000
000000000
000000000
000000000
000000000
000000000
000000000
000000000
000000000
111110000
111100000
110000000
110000000
100000000
000000000
000000000
000000000
000000000
000000000
000000000
000000000
000000000
000000000
000000000
000000000
000000000
000000000
000000000
000000000
000000000
000000000
000000000
000000000
000000000
000000000
000000001
110000000
100000000
000000000
000000000
000000000
000000000
000000000
000000000
000000000
000000000
000000000
000000000
000000000
000000000
000000000
000000000
000000000
000000001
000000000
000000000
000000001
000000000
000000001
000001011
000000001
000001011
001011111
000000000
000000000
000000000
000000000
000000000
000000000
000000000
000000000
000000001
000000000
000000000
000000001
000000000
000000001
000001011
000000001
000001011
001011111
000000001
000001011
001011111
000001011
001011111
011111111
001011111
011111111
111111111
000000000
000001001
001011011
000000000
001001001
011011011
000000001
001001011
011011111
000000001
001001011
011011111
000001011
001011111
011111111
001011111
011111111
111111111
001011111
011111111
111111111
011111111
111111111
111111111
111111111
111111111
111111110
